les.i <- c(1, 1, 1, 1, 1, 1, 1, 2, 2, 2, 2, 2, 2, 2, 2, 2, 3, 3, 4, 4, 5, 5, 5, 6, 6, 6, 6, 6, 6, 6, 6, 9, 9, 9, 9, 10, 11, 17, 17, 19, 19, 19, 19, 19, 19, 20, 20, 20, 20, 20, 20, 20, 21, 21, 21, 22, 23, 23, 24, 24, 24, 24, 26, 27, 29, 31, 33, 34, 35, 36, 36, 39)
les.j <- c(2, 3, 4, 5, 6, 7, 8, 1, 4, 9, 10, 11, 12, 13, 14, 15, 3, 4, 4, 6, 5, 16, 17, 6, 18, 19, 20, 21, 22, 23, 24, 12, 13, 14, 25, 3, 3, 17, 26, 19, 20, 27, 28, 29, 30, 19, 20, 27, 31, 32, 33, 34, 21, 35, 36, 22, 23, 37, 24, 38, 39, 40, 26, 27, 29, 31, 31, 41, 21, 21, 35, 34)
les.x <- c(1, 1, 1, 1, 1, 1, 1, 1, 1, 1, 1, 1, 1, 1, 1, 1, 32, 14, 2, 1, 1, 1, 1, 4, 3, 1, 1, 1, 1, 1, 1, 1, 1, 2, 1, 1, 1, 9, 1, 10, 1, 1, 1, 1, 1, 1, 10, 1, 1, 1, 1, 1, 10, 1, 1, 8, 14, 1, 12, 1, 1, 1, 3, 10, 6, 1, 1, 1, 1, 1, 1, 1)
